 1 2 3 4
 5 6 7 12
 0 6 5 4
 8 2 3 8
 9 6 10 11
 7 11 2 10
 5 9 3 10
 9 7 4 10
 9 1 4 8
 0 5 12 1
 12 6 11 2
 12 1 7 3
 0 0 0 8
 0 0 0 11

1 -> 9
2 -> 1
6 -> 2
7 -> 6
5 -> 7
13 -> 5
3 -> 13
13 -> 12
4 -> 13
6 -> 13
8 -> 13
0 -> 8
3 -> 0
3 -> 6
3 -> 12
2 -> 3
9 -> 3
10 -> 9
10 -> 4
5 -> 10
0 -> 5
0 -> 6
0 -> 2
1 -> 0
7 -> 1
2 -> 7
1 -> 2
1 -> 9
4 -> 1
1 -> 0
4 -> 1
10 -> 4
5 -> 10
5 -> 1
6 -> 5
6 -> 1
7 -> 6
7 -> 1
8 -> 7
8 -> 6
8 -> 12
9 -> 8
11 -> 8
9 -> 11
11 -> 7
11 -> 2
11 -> 5
2 -> 12
9 -> 13
