 1 2 3 4
 0 6 7 12
 8 6 5 4
 8 2 3 7
 9 6 10 11
 7 11 2 10
 5 9 3 8
 9 7 4 10
 9 1 4 2
 0 5 12 1
 12 6 11 8
 12 1 10 3
 0 0 0 5
 0 0 0 11

1 -> 12
9 -> 13
6 -> 9
4 -> 6
1 -> 4
5 -> 1
13 -> 5
9 -> 13
13 -> 12
10 -> 13
13 -> 9
11 -> 13
13 -> 9
0 -> 13
13 -> 11
3 -> 13
2 -> 13
10 -> 2
5 -> 10
0 -> 5
3 -> 5
3 -> 0
3 -> 1
6 -> 3
6 -> 0
6 -> 13
7 -> 6
6 -> 3
8 -> 6
6 -> 3
1 -> 6
9 -> 1
9 -> 8
7 -> 9
9 -> 6
0 -> 9
0 -> 7
2 -> 0
2 -> 12
2 -> 7
4 -> 2
2 -> 0
4 -> 2
10 -> 4
10 -> 13
7 -> 10
7 -> 2
11 -> 7
8 -> 7
8 -> 10
5 -> 8
5 -> 2
11 -> 2
11 -> 9
