 1 2 3 4
 5 6 7 12
 8 6 5 4
 0 2 3 1
 9 6 10 2
 7 11 2 10
 5 9 3 7
 9 7 4 10
 9 1 4 3
 0 5 12 8
 12 6 11 8
 12 1 11 10
 0 0 0 8
 0 0 0 11

3 -> 12
9 -> 13
6 -> 9
7 -> 6
5 -> 7
13 -> 5
2 -> 13
13 -> 12
2 -> 13
9 -> 2
10 -> 9
13 -> 10
9 -> 13
9 -> 12
11 -> 9
9 -> 13
0 -> 9
9 -> 11
3 -> 9
9 -> 0
4 -> 9
8 -> 9
6 -> 9
3 -> 6
3 -> 8
2 -> 3
1 -> 3
1 -> 4
7 -> 1
2 -> 7
0 -> 2
0 -> 6
0 -> 7
1 -> 0
1 -> 13
4 -> 1
10 -> 1
5 -> 10
2 -> 5
6 -> 2
6 -> 0
7 -> 6
7 -> 4
8 -> 7
8 -> 6
8 -> 2
10 -> 8
10 -> 12
11 -> 10
10 -> 7
11 -> 10
10 -> 8
4 -> 10
5 -> 4
5 -> 10
10 -> 11
