 1 2 3 4
 0 6 7 12
 8 6 5 4
 8 2 3 7
 9 6 10 11
 7 11 2 10
 5 9 3 10
 9 7 4 10
 9 1 4 8
 0 5 12 8
 12 6 11 3
 12 1 2 1
 0 0 0 5
 0 0 0 11

1 -> 12
9 -> 13
6 -> 9
7 -> 6
5 -> 7
13 -> 5
9 -> 13
13 -> 12
10 -> 13
13 -> 9
1 -> 13
13 -> 10
7 -> 13
13 -> 1
11 -> 13
13 -> 9
0 -> 13
13 -> 11
11 -> 13
11 -> 0
11 -> 13
4 -> 11
6 -> 11
8 -> 11
8 -> 13
8 -> 7
2 -> 8
2 -> 4
2 -> 12
2 -> 7
1 -> 2
9 -> 1
3 -> 9
9 -> 8
0 -> 9
3 -> 9
3 -> 0
3 -> 2
0 -> 3
3 -> 6
4 -> 3
10 -> 3
5 -> 10
5 -> 9
5 -> 4
7 -> 5
5 -> 0
4 -> 5
10 -> 4
6 -> 10
6 -> 5
5 -> 7
