 1 2 3 4
 5 6 7 12
 0 6 5 4
 8 2 1 3
 9 6 10 7
 7 11 2 10
 5 9 3 8
 9 7 4 10
 9 1 4 10
 0 5 12 8
 12 6 11 3
 12 1 2 11
 0 0 0 8
 0 0 0 11

1 -> 9
2 -> 1
6 -> 2
7 -> 6
5 -> 7
13 -> 5
3 -> 13
13 -> 12
4 -> 13
6 -> 13
8 -> 13
0 -> 8
0 -> 3
6 -> 0
6 -> 12
2 -> 6
9 -> 6
10 -> 9
10 -> 4
5 -> 10
3 -> 5
8 -> 3
2 -> 8
0 -> 2
0 -> 8
3 -> 0
3 -> 2
9 -> 3
9 -> 12
10 -> 9
10 -> 2
11 -> 10
10 -> 3
11 -> 10
10 -> 0
5 -> 10
11 -> 10
11 -> 9
1 -> 11
4 -> 11
4 -> 5
4 -> 1
1 -> 4
1 -> 3
7 -> 1
1 -> 4
7 -> 1
8 -> 1
8 -> 5
5 -> 7
2 -> 12
9 -> 13
