 1 2 3 4
 5 6 7 12
 8 6 5 4
 0 2 3 1
 9 6 10 2
 7 11 2 10
 5 9 3 7
 9 7 4 10
 9 1 4 8
 0 5 12 11
 12 6 11 10
 12 1 3 8
 0 0 0 8
 0 0 0 11

3 -> 12
9 -> 13
6 -> 9
7 -> 6
5 -> 7
13 -> 5
2 -> 12
2 -> 13
9 -> 2
10 -> 9
13 -> 10
11 -> 9
0 -> 11
0 -> 3
3 -> 13
3 -> 0
?
11 -> 3
11 -> 0
11 -> 12
5 -> 11
13 -> 5
10 -> 13
11 -> 10
2 -> 11
1 -> 11
1 -> 13
7 -> 1
2 -> 7
4 -> 2
6 -> 2
8 -> 2
8 -> 3
8 -> 7
8 -> 12
4 -> 8
8 -> 13
0 -> 8
7 -> 0
7 -> 4
6 -> 7
7 -> 8
1 -> 7
7 -> 6
9 -> 7
7 -> 1
10 -> 7
7 -> 9
4 -> 7
5 -> 4
5 -> 7
7 -> 10
