 1 2 3 4
 5 6 7 12
 8 6 5 4
 8 2 3 2
 9 6 10 3
 7 11 2 10
 5 9 3 11
 9 7 4 10
 9 1 4 7
 0 5 12 1
 12 6 11 8
 12 1 10 8
 0 0 0 0
 0 0 0 11

9 -> 13
1 -> 9
4 -> 12
7 -> 12
8 -> 12
5 -> 7
13 -> 5
4 -> 1
6 -> 13
9 -> 13
10 -> 9
11 -> 9
11 -> 8
?
11 -> 4
3 -> 11
2 -> 11
10 -> 2
5 -> 10
5 -> 3
5 -> 4
6 -> 5
5 -> 12
3 -> 5
3 -> 6
3 -> 5
0 -> 3
0 -> 5
6 -> 0
10 -> 6
10 -> 11
8 -> 10
10 -> 3
0 -> 10
0 -> 8
1 -> 0
2 -> 0
2 -> 13
2 -> 8
1 -> 2
9 -> 1
9 -> 3
4 -> 9
4 -> 10
8 -> 4
8 -> 2
7 -> 2
7 -> 4
7 -> 9
