 1 2 3 4
 5 6 7 12
 8 6 5 4
 8 2 3 2
 9 6 10 8
 7 11 2 10
 5 9 3 7
 9 7 4 10
 9 1 4 3
 0 5 12 1
 12 6 11 8
 12 1 10 11
 0 0 0 0
 0 0 0 11

9 -> 13
1 -> 9
1 -> 12
5 -> 1
13 -> 5
6 -> 13
9 -> 13
10 -> 9
12 -> 10
7 -> 12
12 -> 6
7 -> 12
12 -> 1
11 -> 12
12 -> 9
4 -> 12
6 -> 12
8 -> 12
8 -> 11
8 -> 7
8 -> 6
2 -> 8
2 -> 4
2 -> 13
2 -> 7
3 -> 2
2 -> 8
0 -> 2
0 -> 3
6 -> 0
1 -> 6
9 -> 1
9 -> 2
11 -> 9
9 -> 2
0 -> 9
7 -> 0
7 -> 11
3 -> 7
3 -> 9
3 -> 7
4 -> 3
4 -> 11
4 -> 8
10 -> 4
4 -> 3
5 -> 4
5 -> 7
11 -> 5
11 -> 4
10 -> 4
10 -> 8
