 1 2 3 4
 0 6 7 12
 8 6 5 4
 8 2 1 3
 9 6 10 7
 7 11 2 10
 5 9 3 10
 9 7 4 10
 9 1 4 8
 5 5 12 8
 12 6 11 2
 12 1 3 11
 0 0 0 11
 0 0 0 0

1 -> 13
5 -> 1
12 -> 5
4 -> 12
13 -> 4
7 -> 13
8 -> 13
13 -> 12
0 -> 13
13 -> 8
7 -> 13
13 -> 1
2 -> 13
3 -> 13
3 -> 0
8 -> 3
8 -> 7
8 -> 13
1 -> 8
10 -> 1
2 -> 10
9 -> 2
9 -> 1
9 -> 13
2 -> 9
2 -> 7
6 -> 2
2 -> 9
6 -> 2
2 -> 12
3 -> 2
3 -> 6
4 -> 3
10 -> 3
5 -> 10
0 -> 5
0 -> 6
7 -> 0
7 -> 4
4 -> 7
4 -> 8
11 -> 4
4 -> 1
11 -> 4
4 -> 2
6 -> 4
11 -> 4
10 -> 11
5 -> 10
5 -> 6
6 -> 7
