 1 2 3 4
 0 6 7 12
 8 6 5 4
 8 2 3 7
 9 6 10 8
 7 11 2 10
 5 9 3 1
 9 7 4 10
 9 1 4 10
 0 5 12 8
 12 6 11 2
 12 1 3 11
 0 0 0 5
 0 0 0 11

1 -> 12
9 -> 13
6 -> 9
4 -> 6
1 -> 4
5 -> 1
13 -> 5
9 -> 13
13 -> 12
1 -> 13
1 -> 9
11 -> 1
1 -> 9
0 -> 1
1 -> 11
10 -> 1
9 -> 1
3 -> 9
2 -> 9
10 -> 2
5 -> 10
0 -> 5
3 -> 5
3 -> 0
3 -> 13
7 -> 3
8 -> 3
6 -> 3
6 -> 0
6 -> 8
7 -> 6
6 -> 13
0 -> 6
0 -> 7
2 -> 0
2 -> 12
2 -> 7
4 -> 2
2 -> 0
4 -> 2
4 -> 9
5 -> 4
5 -> 2
8 -> 5
11 -> 5
11 -> 6
10 -> 11
10 -> 4
7 -> 10
8 -> 10
8 -> 2
2 -> 7
