 1 2 3 4
 5 6 7 12
 8 6 5 4
 8 2 8 7
 9 6 10 1
 7 11 2 10
 5 9 3 11
 9 7 4 10
 9 1 4 8
 11 5 12 2
 12 6 11 3
 12 1 3 10
 0 0 0 0
 0 0 0 0

1 -> 12
1 -> 13
5 -> 1
9 -> 5
6 -> 9
4 -> 6
13 -> 4
9 -> 13
13 -> 12
1 -> 13
1 -> 9
10 -> 1
1 -> 9
3 -> 1
2 -> 1
10 -> 2
5 -> 10
3 -> 5
3 -> 1
3 -> 13
6 -> 3
7 -> 3
8 -> 3
0 -> 8
0 -> 5
6 -> 0
10 -> 6
10 -> 0
7 -> 10
10 -> 13
0 -> 10
0 -> 7
2 -> 0
2 -> 12
2 -> 7
4 -> 2
2 -> 0
5 -> 2
5 -> 4
7 -> 5
7 -> 4
8 -> 7
8 -> 5
8 -> 1
9 -> 8
9 -> 2
11 -> 9
9 -> 8
4 -> 9
4 -> 7
11 -> 7
11 -> 10
11 -> 9
